camera_matrix:
- - 1091.3772056955638
  - 0.0
  - 908.8634813409316
- - 0.0
  - 1095.748882731301
  - 643.0343700715194
- - 0.0
  - 0.0
  - 1.0
distortion_coefficients:
- - 0.23909010257635238
  - -0.4352117937858782
  - 0.012312296551825171
  - -0.002064343941264253
  - 0.25214895091994965
image_height: 1080
image_width: 1920
rms_reprojection_error: 2.8287689570164245
